Test1 ------------
Beta0 = -22.552533
Beta1 =   1.727932
    r =   0.954497
  r^2 =   0.911064
   yk = 644.429384

Test2 ------------
Beta0 =  -4.038882
Beta1 =   0.168127
    r =   0.933307
  r^2 =   0.871062
   yk =  60.858005

Test3 ------------
Beta0 = -23.923888
Beta1 =   1.430967
    r =   0.963114
  r^2 =   0.927589
   yk = 528.429352

Test4 ------------
Beta0 =  -4.603745
Beta1 =   0.140164
    r =   0.948033
  r^2 =   0.898767
   yk =  49.499376